{"columns": ["pet", "nir", "green", "swir16", "swir22", "NDMI", "MNDWI", "Latitude", "Longitude", "Total Alkalinity", "Electrical Conductance", "Dissolved Reactive Phosphorus"], "values": [[1.0, -0.1466, 0.0408, -0.0168, 0.0466, -0.1587, 0.0877, -0.1074, -0.6046, 0.2635, 0.3228, 0.0626], [-0.1466, 1.0, 0.5618, 0.7227, 0.6305, 0.1416, -0.458, -0.0402, 0.0463, 0.0147, 0.0351, -0.0048], [0.0408, 0.5618, 1.0, 0.5929, 0.5537, -0.1295, 0.0382, 0.0098, -0.0113, 0.0582, 0.0269, 0.0083], [-0.0168, 0.7227, 0.5929, 1.0, 0.9526, -0.5549, -0.7207, 0.1142, 0.0712, 0.181, 0.1366, 0.0562], [0.0466, 0.6305, 0.5537, 0.9526, 1.0, -0.6336, -0.67, 0.1296, 0.0564, 0.1994, 0.1511, 0.0626], [-0.1587, 0.1416, -0.1295, -0.5549, -0.6336, 1.0, 0.5394, -0.2198, -0.0532, -0.2585, -0.1678, -0.0803], [0.0877, -0.458, 0.0382, -0.7207, -0.67, 0.5394, 1.0, -0.1264, -0.1063, -0.1576, -0.1306, -0.0509], [-0.1074, -0.0402, 0.0098, 0.1142, 0.1296, -0.2198, -0.1264, 1.0, 0.6245, 0.3185, 0.1157, 0.257], [-0.6046, 0.0463, -0.0113, 0.0712, 0.0564, -0.0532, -0.1063, 0.6245, 1.0, 0.0367, -0.2138, 0.0227], [0.2635, 0.0147, 0.0582, 0.181, 0.1994, -0.2585, -0.1576, 0.3185, 0.0367, 1.0, 0.6924, 0.3168], [0.3228, 0.0351, 0.0269, 0.1366, 0.1511, -0.1678, -0.1306, 0.1157, -0.2138, 0.6924, 1.0, 0.2794], [0.0626, -0.0048, 0.0083, 0.0562, 0.0626, -0.0803, -0.0509, 0.257, 0.0227, 0.3168, 0.2794, 1.0]]}